11 9 4 15 1 3 16 12 7 5 8 6 13 2 10 14 
11 9 4 15 1 3 8 12 7 5 16 6 13 2 10 14 
11 9 4 15 1 3 8 12 7 5 6 16 13 2 10 14 
11 9 4 15 1 3 8 16 7 5 6 12 13 2 10 14 
11 9 4 16 1 3 8 15 7 5 6 12 13 2 10 14 
11 9 16 4 1 3 8 15 7 5 6 12 13 2 10 14 
11 16 9 4 1 3 8 15 7 5 6 12 13 2 10 14 
16 11 9 4 1 3 8 15 7 5 6 12 13 2 10 14 
1 11 9 4 16 3 8 15 7 5 6 12 13 2 10 14 
1 11 9 4 7 3 8 15 16 5 6 12 13 2 10 14 
1 11 9 4 7 3 8 15 5 16 6 12 13 2 10 14 
1 11 9 4 7 3 8 15 5 6 16 12 13 2 10 14 
1 11 9 4 7 3 8 15 5 6 12 16 13 2 10 14 
1 11 9 4 7 3 8 16 5 6 12 15 13 2 10 14 
1 11 9 4 7 3 16 8 5 6 12 15 13 2 10 14 
1 11 16 4 7 3 9 8 5 6 12 15 13 2 10 14 
1 16 11 4 7 3 9 8 5 6 12 15 13 2 10 14 
1 3 11 4 7 16 9 8 5 6 12 15 13 2 10 14 
1 3 11 4 7 6 9 8 5 16 12 15 13 2 10 14 
1 3 11 4 7 6 9 8 5 2 12 15 13 16 10 14 
1 3 11 4 7 6 9 8 5 2 12 15 13 10 16 14 
1 3 11 4 7 6 9 8 5 2 12 15 13 10 14 16 
1 3 11 4 7 6 9 8 5 2 12 16 13 10 14 15 
1 3 11 4 7 6 9 8 5 2 16 12 13 10 14 15 
1 3 11 4 7 6 16 8 5 2 9 12 13 10 14 15 
1 3 11 4 7 16 6 8 5 2 9 12 13 10 14 15 
1 3 11 4 7 2 6 8 5 16 9 12 13 10 14 15 
1 3 11 4 7 2 6 8 5 9 16 12 13 10 14 15 
1 3 11 4 7 2 16 8 5 9 6 12 13 10 14 15 
1 3 16 4 7 2 11 8 5 9 6 12 13 10 14 15 
1 16 3 4 7 2 11 8 5 9 6 12 13 10 14 15 
1 2 3 4 7 16 11 8 5 9 6 12 13 10 14 15 
1 2 3 4 16 7 11 8 5 9 6 12 13 10 14 15 
1 2 3 4 5 7 11 8 16 9 6 12 13 10 14 15 
1 2 3 4 5 7 11 8 9 16 6 12 13 10 14 15 
1 2 3 4 5 7 11 8 9 6 16 12 13 10 14 15 
1 2 3 4 5 7 16 8 9 6 11 12 13 10 14 15 
1 2 3 4 5 16 7 8 9 6 11 12 13 10 14 15 
1 2 3 4 5 6 7 8 9 16 11 12 13 10 14 15 
1 2 3 4 5 6 7 8 9 10 11 12 13 16 14 15 
1 2 3 4 5 6 7 8 9 10 11 12 13 14 16 15 
1 2 3 4 5 6 7 8 9 10 11 12 13 14 15 16 
