[11  9  4 15  1  3  0 12  7  5  8  6 13  2 10 14] 0
[11  9  4 15  1  0  3 12  7  5  8  6 13  2 10 14] 1
[11  0  4 15  1  9  3 12  7  5  8  6 13  2 10 14] 2
[ 0 11  4 15  1  9  3 12  7  5  8  6 13  2 10 14] 3
[ 1 11  4 15  0  9  3 12  7  5  8  6 13  2 10 14] 4
[ 1 11  4 15  9  0  3 12  7  5  8  6 13  2 10 14] 5
[ 1 11  4 15  9  5  3 12  7  0  8  6 13  2 10 14] 6
[ 1 11  4 15  9  5  3 12  0  7  8  6 13  2 10 14] 7
[ 1 11  4 15  0  5  3 12  9  7  8  6 13  2 10 14] 8
[ 1 11  4 15  5  0  3 12  9  7  8  6 13  2 10 14] 9
[ 1 11  4 15  5  3  0 12  9  7  8  6 13  2 10 14] 10
[ 1 11  4 15  5  3  8 12  9  7  0  6 13  2 10 14] 11
[ 1 11  4 15  5  3  8 12  9  7  6  0 13  2 10 14] 12
[ 1 11  4 15  5  3  8  0  9  7  6 12 13  2 10 14] 13
[ 1 11  4  0  5  3  8 15  9  7  6 12 13  2 10 14] 14
[ 1 11  0  4  5  3  8 15  9  7  6 12 13  2 10 14] 15
[ 1  0 11  4  5  3  8 15  9  7  6 12 13  2 10 14] 16
[ 1  3 11  4  5  0  8 15  9  7  6 12 13  2 10 14] 17
[ 1  3 11  4  5  7  8 15  9  0  6 12 13  2 10 14] 18
[ 1  3 11  4  5  7  8 15  9  2  6 12 13  0 10 14] 19
[ 1  3 11  4  5  7  8 15  9  2  6 12 13 10  0 14] 20
[ 1  3 11  4  5  7  8 15  9  2  6 12 13 10 14  0] 21
[ 1  3 11  4  5  7  8 15  9  2  6  0 13 10 14 12] 22
[ 1  3 11  4  5  7  8  0  9  2  6 15 13 10 14 12] 23
[ 1  3 11  4  5  7  0  8  9  2  6 15 13 10 14 12] 24
[ 1  3 11  4  5  0  7  8  9  2  6 15 13 10 14 12] 25
[ 1  3 11  4  5  2  7  8  9  0  6 15 13 10 14 12] 26
[ 1  3 11  4  5  2  7  8  9  6  0 15 13 10 14 12] 27
[ 1  3 11  4  5  2  7  8  9  6 15  0 13 10 14 12] 28
[ 1  3 11  4  5  2  7  0  9  6 15  8 13 10 14 12] 29
[ 1  3 11  4  5  2  0  7  9  6 15  8 13 10 14 12] 30
[ 1  3  0  4  5  2 11  7  9  6 15  8 13 10 14 12] 31
[ 1  0  3  4  5  2 11  7  9  6 15  8 13 10 14 12] 32
[ 1  2  3  4  5  0 11  7  9  6 15  8 13 10 14 12] 33
[ 1  2  3  4  5  6 11  7  9  0 15  8 13 10 14 12] 34
[ 1  2  3  4  5  6 11  7  9 10 15  8 13  0 14 12] 35
[ 1  2  3  4  5  6 11  7  9 10 15  8 13 14  0 12] 36
[ 1  2  3  4  5  6 11  7  9 10  0  8 13 14 15 12] 37
[ 1  2  3  4  5  6  0  7  9 10 11  8 13 14 15 12] 38
[ 1  2  3  4  5  6  7  0  9 10 11  8 13 14 15 12] 39
[ 1  2  3  4  5  6  7  8  9 10 11  0 13 14 15 12] 40
[ 1  2  3  4  5  6  7  8  9 10 11 12 13 14 15  0] 41